Client1=2001
Client2=2002
Client3=2003
Client4=2004
Client5=2005
Client6=2006
Client7=2007
Client8=2008
Client9=2009
Client10=2010

2001=2002,2003,2004,2005,2006,2007,2008,2009,2010
2002=2001,2003,2004,2005,2006,2007,2008,2009,2010
2003=2001,2002,2004,2005,2006,2007,2008,2009,2010
2004=2001,2002,2003,2005,2006,2007,2008,2009,2010
2005=2001,2002,2003,2004,2006,2007,2008,2009,2010
2006=2001,2002,2003,2004,2005,2007,2008,2009,2010
2007=2001,2002,2003,2004,2005,2006,2008,2009,2010
2008=2001,2002,2003,2004,2005,2006,2007,2009,2010
2009=2001,2002,2003,2004,2005,2006,2007,2008,2010
2010=2001,2002,2003,2004,2005,2006,2007,2008,2009